taxonomy	UCS.0002.UA_S1_L001	UCS.0002.UA_S1_L002	UCS.0007.UA_S2_L001	UCS.0007.UA_S2_L002	UCS.0010.UA_S3_L001	UCS.0010.UA_S3_L002	UCS.0016.UA_S4_L001	UCS.0016.UA_S4_L002	UCS.0018.UA_S5_L001	UCS.0018.UA_S5_L002	UCS.0020.BAL_S12_L001	UCS.0020.BAL_S12_L002	UCS.0025.BAL_S8_L001	UCS.0025.BAL_S8_L002	UCS.0040.BKG_S16_L001	UCS.0040.BKG_S16_L002	UCS.0047.BAL_S7_L001	UCS.0047.BAL_S7_L002	UCS.0064.BAL_S6_L001	UCS.0064.BAL_S6_L002	UCS.0069.BKG_S17_L001	UCS.0069.BKG_S17_L002	UCS.0070.BKG_S18_L001	UCS.0070.BKG_S18_L002	UCS.0081.BAL_S9_L001	UCS.0081.BAL_S9_L002	UCS.0085.BKG_S20_L001	UCS.0085.BKG_S20_L002	UCS.0136.BKG_S19_L001	UCS.0136.BKG_S19_L002	UCS.0147.BAL_S11_L001	UCS.0147.BAL_S11_L002	UCS.0163.BAL_S10_L001	UCS.0163.BAL_S10_L002	UCS.0191.BAL_S13_L001	UCS.0191.BAL_S13_L002	UCS.0192.BAL_S14_L001	UCS.0192.BAL_S14_L002	UCS.0194.BAL_S15_L001	UCS.0194.BAL_S15_L002
[Candida] glabrata	46919	45801	493	444	268	280	2582	2331	299	309	224	250	271	232	78	53	188	173	301	259	89	68	48	70	172	190	316	369	8	23	195	206	248	187	412	353	170	162	1646	1456
Naumovozyma castellii	2185	1957	2689	2631	1506	1507	1919	1809	1670	1522	2195	2029	2291	2146	9	9	1869	1772	2063	1883	151	185	18	23	1820	1536	30	23	3	8	2177	2021	2160	2070	3402	3185	1664	1642	2252	1952
Naumovozyma dairenensis	943	903	1035	1057	701	645	1385	1312	609	661	819	772	854	709	90	66	667	622	888	819	204	180	113	110	747	695	51	69	39	22	827	723	792	758	1222	1115	522	533	781	744
Tetrapisispora phaffii	891	858	1100	1190	623	585	824	752	721	576	973	808	898	749	110	90	687	670	803	702	182	219	131	123	726	680	106	89	31	29	708	694	768	742	1344	1332	554	506	806	708
Tetrapisispora blattae	773	839	930	971	449	529	1387	1240	481	561	721	765	703	693	28	42	553	547	722	669	152	98	75	42	585	560	41	18	9	9	639	653	683	600	999	955	430	465	661	626
Kluyveromyces marxianus	1235	1295	1482	1486	1295	1124	1284	1123	1050	999	1570	1457	1489	1387	43	43	1351	1248	1491	1468	138	125	34	31	1324	1182	34	29	5	9	1597	1403	1612	1526	2490	2178	1203	1144	1456	1325
Kluyveromyces lactis	347	338	354	326	251	183	264	273	203	212	270	251	244	273	58	29	205	200	249	243	65	64	37	44	273	194	33	29	14	15	230	238	197	206	384	381	177	188	238	269
Saccharomyces cerevisiae	366	384	497	583	267	250	349	280	316	331	400	383	293	358	34	35	285	283	347	352	70	51	37	14	274	282	27	24	14	13	330	304	333	307	560	497	281	258	356	294
Saccharomyces eubayanus	333	273	324	294	255	199	552	582	211	245	258	236	303	272	15	10	179	212	275	289	49	50	5	6	228	213	7	18	1	5	203	215	233	241	441	422	239	196	286	303
Saccharomyces paradoxus	321	272	460	434	188	233	872	814	257	265	294	245	249	251	13	27	224	213	264	288	32	49	33	20	246	205	16	15	6	3	224	244	241	256	414	456	213	246	271	293
Kazachstania africana	440	449	594	650	309	361	903	806	294	276	423	449	506	450	23	27	427	399	351	374	92	68	34	37	366	327	14	11	4	14	429	404	360	394	553	492	279	270	451	405
Kazachstania naganishii	306	331	399	364	264	229	454	442	200	215	248	298	322	345	21	39	247	245	288	295	50	57	43	54	251	242	26	33	15	4	299	280	260	260	549	447	236	214	321	288
Zygosaccharomyces rouxii	503	507	1152	1139	402	305	548	515	367	329	552	480	564	490	15	34	412	419	414	422	69	72	24	26	463	400	19	34	13	7	386	380	444	466	709	713	335	398	426	461
Eremothecium cymbalariae	192	211	205	191	175	171	702	668	162	148	162	197	149	186	13	4	118	134	220	157	27	23	5	5	185	134	4	9	0	6	143	172	166	215	334	269	108	127	162	160
Eremothecium sinecaudum	152	172	249	255	134	125	591	556	143	123	113	83	105	107	8	11	58	60	120	111	17	26	17	20	79	56	5	15	14	5	97	77	107	82	124	156	60	83	78	67
Eremothecium gossypii	110	116	133	143	124	130	868	703	147	94	114	105	116	128	70	88	84	84	159	141	90	113	107	76	74	95	51	62	23	31	83	79	75	78	135	128	64	80	99	109
Torulaspora delbrueckii	172	150	226	224	72	71	432	444	104	113	107	74	91	115	14	16	86	83	103	98	19	24	6	7	92	80	4	4	2	4	88	69	77	90	147	110	66	42	90	64
Torulaspora globosa	74	104	72	62	113	65	663	576	75	72	80	45	85	68	10	14	42	36	60	75	21	22	16	34	48	43	2	8	10	5	41	33	44	49	92	68	62	56	66	61
Zygotorulaspora mrakii	188	198	366	368	131	136	575	506	130	126	169	142	162	123	11	7	121	91	151	185	23	45	19	31	113	162	13	12	1	9	157	143	127	149	216	217	87	86	151	144
Lachancea thermotolerans	183	195	202	199	197	195	485	364	231	160	237	205	177	218	34	31	162	151	225	261	57	48	51	88	163	142	21	13	4	12	157	158	178	177	313	270	132	120	192	166
Candida orthopsilosis	10895	10503	870	781	403	411	569	519	420	395	405	358	450	425	11	28	332	302	425	433	134	108	87	63	369	347	28	12	49	50	372	434	389	370	652	610	287	278	400	373
Candida dubliniensis	4931	4631	5173	4886	4935	4748	2387	2270	4287	3984	4782	4525	5310	5000	100	101	4785	4240	4716	4384	535	459	127	159	4068	3832	71	130	37	45	4823	4449	5129	4596	8465	7673	4024	3814	5186	4852
Candida albicans	1417	1441	1430	1387	777	716	1015	957	63232	59892	1373	1565	1092	1064	109	98	1749	1643	989	1048	300	298	206	198	899	821	210	183	42	41	896	990	3711	3496	1686	1499	1051	1001	898	941
Debaryomyces hansenii	528	524	371	395	189	188	482	508	440	490	323	269	253	259	44	40	184	186	1029	963	157	134	43	39	193	170	16	17	14	18	193	208	233	194	417	351	177	170	237	208
Scheffersomyces stipitis	519	481	822	800	230	175	1125	1053	327	314	255	261	296	330	11	24	242	227	580	490	37	39	34	31	212	223	18	19	8	9	238	268	264	213	403	441	218	195	303	244
Pichia kudriavzevii	640	608	957	894	476	485	939	882	520	486	504	514	672	673	18	23	447	481	677	632	64	67	36	13	510	474	23	25	5	4	581	499	509	508	912	852	436	424	722	604
Ogataea parapolymorpha	125	152	300	344	75	52	882	672	138	109	113	102	102	93	57	30	67	42	144	108	60	44	27	33	72	84	2	13	6	11	63	77	80	87	153	132	45	58	119	93
Yarrowia lipolytica	397	341	451	434	357	357	857	891	260	273	358	301	361	355	72	72	255	285	308	307	166	126	126	152	277	262	58	70	33	30	320	236	335	291	544	521	227	205	288	290
Sugiyamaella lignohabitans	342	367	477	444	278	250	1027	986	283	262	340	323	384	376	51	67	267	236	323	345	105	108	73	50	290	292	28	40	26	14	278	240	307	345	544	512	250	217	314	287
Komagataella phaffii	188	130	201	167	202	171	1181	1089	133	145	155	160	174	127	24	19	93	104	198	155	36	36	21	27	130	110	16	9	6	5	125	118	155	124	182	187	96	100	139	137
Fusarium fujikuroi	12513	10842	19227	17200	12823	11403	6288	5763	14310	12816	12588	11229	16990	15878	105	102	15012	13461	12686	11524	968	864	167	134	13419	12059	139	111	26	53	17341	15589	14977	13196	22249	19545	15468	13952	16457	14256
Fusarium verticillioides	841	911	1000	931	691	584	939	886	719	602	905	907	885	830	20	47	772	741	830	780	113	120	59	47	767	754	43	27	15	2	810	790	757	696	1478	1390	680	702	862	812
Fusarium pseudograminearum	667	662	876	819	1229	1056	1297	1153	540	611	570	543	642	618	119	61	604	541	689	718	101	68	26	38	404	409	17	18	12	6	703	591	524	526	910	881	427	404	550	528
Fusarium venenatum	483	439	568	538	310	296	1587	1509	398	334	405	423	429	395	39	32	374	320	415	315	61	79	45	28	327	310	9	14	6	5	320	341	401	357	645	568	298	250	431	363
Fusarium graminearum	315	283	440	405	271	271	462	397	229	247	373	351	342	316	31	34	286	222	278	303	70	52	37	22	333	273	16	15	14	9	272	238	330	302	518	482	231	206	324	288
Fusarium oxysporum	908	932	997	1004	893	896	1054	1119	992	872	1209	1099	1158	1110	79	95	799	791	909	908	179	166	107	102	843	847	70	74	31	30	872	810	1025	971	1541	1361	658	681	1120	1055
Pochonia chlamydosporia	547	546	656	656	423	431	1972	1879	429	410	497	534	545	542	97	100	423	370	507	456	209	137	159	152	446	453	77	68	17	33	445	494	455	496	883	709	342	347	529	483
Colletotrichum higginsianum	2044	2021	2251	2188	1576	1691	4143	3841	1619	1528	2034	1954	1990	1746	291	274	1591	1501	1878	1800	531	507	379	478	1617	1625	194	169	76	76	1778	1604	1877	1634	3062	2977	1519	1383	1937	1960
Thermothielavioides terrestris	988	979	1124	1061	961	882	3905	3656	774	690	970	852	1038	975	482	441	792	774	990	894	565	566	687	697	887	761	272	212	158	112	996	874	945	947	1606	1452	846	774	1017	900
Thermothelomyces thermophilus	854	800	1048	907	725	658	2184	1999	700	642	860	778	874	775	220	228	755	643	798	727	353	311	354	336	728	682	103	107	66	59	728	703	723	668	1310	1269	573	596	824	731
Neurospora crassa	1099	1073	1326	1329	661	658	2872	2840	775	732	932	984	932	900	281	235	767	786	855	815	441	414	372	382	710	733	229	158	101	102	779	894	866	827	1439	1329	761	701	915	769
Pyricularia pennisetigena	646	711	937	906	497	515	1371	1248	485	471	667	662	603	644	69	53	478	474	578	524	144	137	123	128	544	484	42	45	26	24	566	551	634	527	942	939	415	381	582	596
Pyricularia oryzae	580	602	686	600	543	502	976	938	403	411	506	492	574	594	121	142	480	472	547	550	151	179	179	159	496	393	65	53	44	36	490	486	534	456	1043	969	476	502	550	548
Pyricularia grisea	542	533	630	568	365	343	1207	1065	493	413	561	514	502	483	63	106	420	368	462	436	175	157	121	105	465	427	55	66	18	51	479	502	478	491	790	820	418	384	537	463
Botrytis cinerea	9842	9140	11710	10982	8055	7380	5406	5102	8173	7652	10732	10139	11422	10919	107	93	9898	9359	9449	9079	938	822	140	146	9170	8424	162	149	17	25	12037	11202	11199	10380	17084	15408	7707	7304	10090	9208
Aspergillus oryzae	3567	3230	3907	3688	2298	2209	2948	2822	2889	2667	4321	4134	3855	3634	75	93	2896	2801	3837	3346	595	491	169	144	3569	3370	217	207	46	35	3391	3135	3846	3523	5191	4628	2408	2295	3073	2681
Aspergillus fumigatus	243	231	238	231	254	230	947	839	168	146	201	191	198	232	121	98	172	160	184	223	123	147	128	154	178	152	82	59	34	39	200	165	163	169	319	277	160	150	208	218
Talaromyces rugulosus	1004	922	1142	1036	650	608	1319	1213	698	613	1061	958	971	915	116	110	719	717	860	827	249	289	173	181	788	713	91	82	33	37	806	838	888	803	1518	1458	714	687	883	870
Zymoseptoria tritici	1028	981	1176	1156	926	947	1403	1362	792	841	1050	1036	925	918	79	88	866	942	1013	1033	219	196	172	159	888	852	52	36	22	29	956	906	950	1031	1759	1754	868	876	987	942
Cercospora beticola	212	207	252	240	337	274	1600	1524	202	155	217	190	207	199	85	110	166	116	189	188	138	120	127	144	169	176	44	50	23	25	186	147	202	142	334	315	113	123	215	185
Schizosaccharomyces pombe	990	972	1842	1734	1584	1487	7203	6581	893	915	561	567	804	769	205	193	484	408	489	447	322	314	212	233	496	440	139	125	51	76	435	520	517	444	821	679	339	348	478	436
Malassezia restricta	6876	6362	6578	6459	513	533	3668	3530	311	247	364	291	522	491	961	954	274	245	300	238	1803	1749	1611	1670	253	243	705	736	409	435	256	279	367	284	541	462	187	230	253	237
Ustilago maydis	650	732	838	732	710	620	1550	1496	616	515	661	687	635	576	58	53	633	667	577	571	135	136	100	105	545	592	44	44	29	24	621	579	756	613	1128	1093	567	587	674	661
Sporisorium graminicola	586	641	730	698	505	474	1207	1058	511	433	618	524	629	545	201	116	551	488	553	507	343	261	328	258	499	505	95	73	57	54	603	506	613	628	914	831	473	448	563	483
Cryptococcus neoformans	306	332	514	490	303	255	1243	1103	276	280	372	317	402	381	80	66	251	298	303	295	134	114	78	71	280	262	44	45	20	27	252	280	303	273	563	430	252	221	361	286
Cryptococcus gattii VGI	223	211	240	227	180	148	758	758	135	117	165	177	201	169	18	12	150	126	153	160	33	25	20	17	150	150	5	14	3	1	154	182	150	179	241	235	93	126	178	170
Encephalitozoon romaleae	55	59	65	68	74	60	57	52	50	64	63	58	42	54	3	3	32	40	54	57	9	11	4	6	37	49	0	1	1	5	78	50	74	36	73	83	47	32	50	41
Encephalitozoon hellem	37	16	35	21	22	27	55	54	29	21	27	19	32	22	1	1	24	20	28	23	6	9	3	4	24	31	4	6	0	4	18	38	36	32	34	49	23	34	27	29
Encephalitozoon intestinalis	18	25	20	25	18	13	186	212	10	14	35	26	34	25	3	4	15	13	18	27	16	7	3	1	12	20	0	0	1	1	18	25	39	67	35	19	24	9	18	19
Encephalitozoon cuniculi	15	17	24	13	6	10	110	91	8	14	11	14	14	21	10	7	11	7	22	17	10	21	12	11	16	20	4	3	0	0	23	14	15	13	24	24	14	13	21	17